Col1,Col2
Data0,57613
Data1,19148
Data2,27262
Data3,55280
Data4,79372
Data5,45686
Data6,99767
Data7,75199
Data8,99858
Data9,35268
Data10,98137
Data11,90404
Data12,47679
Data13,35428
Data14,75654
Data15,76291
Data16,58196
Data17,84259
Data18,21263
Data19,65691
Data20,43567
Data21,87417
Data22,15700
Data23,74424
Data24,85961
Data25,1334
Data26,46650
Data27,64178
Data28,17607
Data29,94579
Data30,80268
Data31,27750
Data32,55200
Data33,82048
Data34,71012
Data35,50463
Data36,64479
Data37,86326
Data38,75737
Data39,79283
Data40,97029
Data41,12649
Data42,70691
Data43,73540
Data44,51693
Data45,71326
Data46,63634
Data47,22909
Data48,33884
Data49,35275
Data50,82122
Data51,55747
Data52,23143
Data53,15997
Data54,66099
Data55,9857
Data56,80678
Data57,99504
Data58,74548
Data59,73812
Data60,85672
Data61,84840
Data62,16070
Data63,36294
Data64,2613
Data65,32735
Data66,31585
Data67,15448
Data68,13977
Data69,50039
Data70,35760
Data71,90571
Data72,79903
Data73,76778
Data74,44290
Data75,6074
Data76,37224
Data77,32964
Data78,47901
Data79,96200
Data80,1336
Data81,35389
Data82,14705
Data83,78450
Data84,19372
Data85,8285
Data86,24474
Data87,90636
Data88,38548
Data89,33362
Data90,41937
Data91,97999
Data92,26920
Data93,41408
Data94,1643
Data95,72924
Data96,14481
Data97,63926
Data98,32545
Data99,9011
Data100,68816
Data101,8648
Data102,59656
Data103,79903
Data104,91327
Data105,29894
Data106,89361
Data107,57934
Data108,88658
Data109,33738
Data110,8234
Data111,82725
Data112,70039
Data113,43242
Data114,27868
Data115,28489
Data116,1589
Data117,80862
Data118,38229
Data119,63562
Data120,31430
Data121,64491
Data122,44160
Data123,87601
Data124,54531
Data125,34700
Data126,88910
Data127,36881
Data128,96159
Data129,47404
Data130,3397
Data131,39187
Data132,56093
Data133,79139
Data134,69024
Data135,64062
Data136,11908
Data137,51578
Data138,98523
Data139,99811
Data140,21274
Data141,71715
Data142,54556
Data143,26875
Data144,73071
Data145,20213
Data146,61959
Data147,83818
Data148,2095
Data149,88333
Data150,65154
Data151,24030
Data152,28286
Data153,90956
Data154,36001
Data155,12549
Data156,54584
Data157,21512
Data158,87294
Data159,58631
Data160,18851
Data161,70079
Data162,66606
Data163,58970
Data164,38768
Data165,59465
Data166,28022
Data167,20035
Data168,77893
Data169,66836
Data170,56998
Data171,87067
Data172,10381
Data173,12018
Data174,6141
Data175,98194
Data176,70442
Data177,25956
Data178,40416
Data179,66413
Data180,56061
Data181,52131
Data182,91836
Data183,25000
Data184,26106
Data185,11185
Data186,67776
Data187,70392
Data188,68875
Data189,99043
Data190,80244
Data191,66615
Data192,54415
Data193,65765
Data194,10042
Data195,18672
Data196,79222
Data197,45888
Data198,10805
Data199,85226
Data200,25054
Data201,57866
Data202,65863
Data203,75709
Data204,4164
Data205,10452
Data206,93110
Data207,74221
Data208,81498
Data209,83508
Data210,15536
Data211,31208
Data212,22318
Data213,5381
Data214,29472
Data215,25334
Data216,10563
Data217,63486
Data218,19992
Data219,18204
Data220,3188
Data221,65812
Data222,84597
Data223,58204
Data224,56961
Data225,51868
Data226,20882
Data227,66797
Data228,87903
Data229,13352
Data230,88549
Data231,89693
Data232,82759
Data233,66221
Data234,25323
Data235,58321
Data236,78313
Data237,377
Data238,83568
Data239,17164
Data240,20015
Data241,52663
Data242,30013
Data243,96220
Data244,70885
Data245,46477
Data246,19079
Data247,91194
Data248,3454
Data249,11960
Data250,13044
Data251,62330
Data252,93516
Data253,2715
Data254,43419
Data255,74935
Data256,81712
Data257,14304
Data258,24196
Data259,96347
Data260,6090
Data261,94782
Data262,31288
Data263,80724
Data264,48373
Data265,71993
Data266,70983
Data267,40383
Data268,11247
Data269,47939
Data270,97529
Data271,78080
Data272,2419
Data273,23140
Data274,52464
Data275,54309
Data276,71993
Data277,34500
Data278,92336
Data279,54170
Data280,53260
Data281,47587
Data282,93710
Data283,35935
Data284,36292
Data285,88515
Data286,24110
Data287,27762
Data288,49151
Data289,59207
Data290,37942
Data291,89514
Data292,10354
Data293,33545
Data294,54833
Data295,88725
Data296,65043
Data297,7738
Data298,38906
Data299,2021
Data300,10410
Data301,34681
Data302,55159
Data303,10063
Data304,78892
Data305,92738
Data306,54792
Data307,68551
Data308,63166
Data309,75911
Data310,75477
Data311,51886
Data312,48922
Data313,32316
Data314,32675
Data315,79608
Data316,74592
Data317,44317
Data318,87920
Data319,29708
Data320,41200
Data321,36364
Data322,98032
Data323,83009
Data324,11090
Data325,96405
Data326,47570
Data327,73861
Data328,79898
Data329,5408
Data330,83671
Data331,64771
Data332,61486
Data333,96940
Data334,8306
Data335,61499
Data336,85400
Data337,96144
Data338,30384
Data339,74207
Data340,87609
Data341,32797
Data342,19209
Data343,48893
Data344,37543
Data345,22644
Data346,15530
Data347,87598
Data348,86916
Data349,95129
Data350,16462
Data351,90148
Data352,8271
Data353,58924
Data354,38813
Data355,42245
Data356,67154
Data357,88814
Data358,57428
Data359,50083
Data360,23761
Data361,13115
Data362,88184
Data363,93360
Data364,59347
Data365,25953
Data366,71448
Data367,60734
Data368,83607
Data369,96307
Data370,3996
Data371,80125
Data372,92274
Data373,8916
Data374,44684
Data375,16283
Data376,49578
Data377,98537
Data378,31961
Data379,80293
Data380,33721
Data381,17882
Data382,50319
Data383,1246
Data384,95757
Data385,77167
Data386,92633
Data387,69359
Data388,1948
Data389,56719
Data390,27117
Data391,87156
Data392,6134
Data393,74139
Data394,67999
Data395,99054
Data396,85474
Data397,7827
Data398,9808
Data399,25663
Data400,23190
Data401,84268
Data402,20196
Data403,3820
Data404,18216
Data405,18763
Data406,21790
Data407,5987
Data408,13320
Data409,98168
Data410,74179
Data411,2622
Data412,82257
Data413,37439
Data414,80953
Data415,44006
Data416,63417
Data417,44104
Data418,486
Data419,89216
Data420,64943
Data421,77911
Data422,90676
Data423,62456
Data424,31822
Data425,3271
Data426,94283
Data427,1178
Data428,91704
Data429,34827
Data430,22532
Data431,67000
Data432,60998
Data433,2040
Data434,40959
Data435,88591
Data436,82657
Data437,15988
Data438,86804
Data439,65142
Data440,88154
Data441,39699
Data442,65435
Data443,63035
Data444,73870
Data445,89573
Data446,89740
Data447,75447
Data448,62417
Data449,25962
Data450,56253
Data451,66717
Data452,89582
Data453,56106
Data454,39381
Data455,51196
Data456,57336
Data457,78527
Data458,62996
Data459,55663
Data460,46982
Data461,49218
Data462,45604
Data463,44085
Data464,27920
Data465,50141
Data466,31805
Data467,25314
Data468,46801
Data469,17431
Data470,60915
Data471,89826
Data472,16038
Data473,88820
Data474,92274
Data475,24793
Data476,71461
Data477,49414
Data478,60910
Data479,230
Data480,21757
Data481,32189
Data482,36005
Data483,49218
Data484,7569
Data485,80669
Data486,49230
Data487,73837
Data488,32361
Data489,19574
Data490,3734
Data491,10818
Data492,42797
Data493,71297
Data494,20960
Data495,18198
Data496,32130
Data497,70308
Data498,22184
Data499,63928
Data500,20558
Data501,27268
Data502,96078
Data503,85769
Data504,76771
Data505,15342
Data506,45624
Data507,69070
Data508,50580
Data509,10611
Data510,24587
Data511,22469
Data512,82732
Data513,53869
Data514,66580
Data515,23987
Data516,14912
Data517,10026
Data518,55393
Data519,17250
Data520,86134
Data521,54877
Data522,67083
Data523,95328
Data524,26722
Data525,52605
Data526,59661
Data527,44710
Data528,53395
Data529,3494
Data530,84086
Data531,68137
Data532,2758
Data533,16303
Data534,16182
Data535,70311
Data536,65726
Data537,72962
Data538,94812
Data539,98186
Data540,84220
Data541,65544
Data542,75410
Data543,98228
Data544,45002
Data545,6493
Data546,4419
Data547,39809
Data548,50853
Data549,22828
Data550,59795
Data551,2096
Data552,36562
Data553,22157
Data554,71236
Data555,85019
Data556,78866
Data557,52184
Data558,24000
Data559,59604
Data560,20736
Data561,91370
Data562,60255
Data563,53110
Data564,55963
Data565,55199
Data566,33660
Data567,57025
Data568,15330
Data569,99242
Data570,41586
Data571,43792
Data572,28671
Data573,38635
Data574,2372
Data575,49859
Data576,5667
Data577,3677
Data578,93128
Data579,71387
Data580,42740
Data581,88438
Data582,46778
Data583,32153
Data584,82313
Data585,5527
Data586,28823
Data587,58255
Data588,21072
Data589,13951
Data590,79560
Data591,62420
Data592,89423
Data593,30977
Data594,72216
Data595,67614
Data596,62300
Data597,95340
Data598,20336
Data599,21573
Data600,69945
Data601,46583
Data602,65485
Data603,66752
Data604,68817
Data605,82185
Data606,783
Data607,41470
Data608,16336
Data609,56002
Data610,67029
Data611,82896
Data612,8874
Data613,51316
Data614,40166
Data615,28399
Data616,59763
Data617,75318
Data618,25682
Data619,82897
Data620,33557
Data621,27261
Data622,49788
Data623,39326
Data624,74517
Data625,46206
Data626,49994
Data627,30341
Data628,53026
Data629,2086
Data630,38417
Data631,15254
Data632,71425
Data633,61563
Data634,57737
Data635,16960
Data636,43504
Data637,59278
Data638,62603
Data639,35874
Data640,67321
Data641,96701
Data642,22058
Data643,16923
Data644,47134
Data645,15626
Data646,7010
Data647,52178
Data648,44697
Data649,99488
Data650,20603
Data651,71645
Data652,95679
Data653,94336
Data654,98417
Data655,32672
Data656,3926
Data657,14021
Data658,43243
Data659,76629
Data660,49700
Data661,85120
Data662,12393
Data663,27408
Data664,65188
Data665,79894
Data666,99915
Data667,76519
Data668,80501
Data669,80988
Data670,65307
Data671,62869
Data672,71749
Data673,54847
Data674,3762
Data675,69389
Data676,47570
Data677,8406
Data678,92907
Data679,8366
Data680,70057
Data681,99911
Data682,75982
Data683,20522
Data684,90963
Data685,11477
Data686,34685
Data687,41616
Data688,94145
Data689,42306
Data690,78334
Data691,1778
Data692,52631
Data693,18052
Data694,74352
Data695,99881
Data696,73520
Data697,21482
Data698,90581
Data699,77572
Data700,54469
Data701,75937
Data702,2475
Data703,80816
Data704,29718
Data705,14384
Data706,25821
Data707,67922
Data708,92031
Data709,55580
Data710,63157
Data711,68923
Data712,22321
Data713,96206
Data714,99800
Data715,95562
Data716,5666
Data717,75051
Data718,32900
Data719,20291
Data720,66006
Data721,7069
Data722,28060
Data723,65387
Data724,34222
Data725,13075
Data726,27313
Data727,39430
Data728,69855
Data729,61896
Data730,7834
Data731,68956
Data732,7780
Data733,75389
Data734,20758
Data735,86947
Data736,34829
Data737,84910
Data738,79182
Data739,80526
Data740,68260
Data741,83673
Data742,38226
Data743,47817
Data744,1872
Data745,91846
Data746,48419
Data747,96351
Data748,40919
Data749,18707
Data750,80793
Data751,49400
Data752,81118
Data753,65491
Data754,30782
Data755,66846
Data756,6618
Data757,40954
Data758,92190
Data759,58515
Data760,23154
Data761,11833
Data762,52984
Data763,44684
Data764,6726
Data765,70623
Data766,39699
Data767,72756
Data768,9710
Data769,62193
Data770,99969
Data771,22645
Data772,78272
Data773,69662
Data774,17797
Data775,40901
Data776,32630
Data777,51291
Data778,76145
Data779,49389
Data780,25337
Data781,1164
Data782,93275
Data783,36340
Data784,88728
Data785,72410
Data786,12670
Data787,85706
Data788,37028
Data789,76858
Data790,97762
Data791,67309
Data792,74337
Data793,94777
Data794,46945
Data795,6482
Data796,1426
Data797,9015
Data798,82615
Data799,82757
Data800,10325
Data801,88635
Data802,37234
Data803,65970
Data804,39229
Data805,26259
Data806,6499
Data807,77197
Data808,44967
Data809,23738
Data810,94502
Data811,37203
Data812,38113
Data813,46515
Data814,57081
Data815,16464
Data816,36897
Data817,62715
Data818,49673
Data819,64686
Data820,32343
Data821,78016
Data822,29279
Data823,6132
Data824,44668
Data825,64495
Data826,19012
Data827,68465
Data828,54
Data829,28409
Data830,2665
Data831,66326
Data832,3139
Data833,94111
Data834,2423
Data835,18046
Data836,36260
Data837,79590
Data838,86881
Data839,65678
Data840,60177
Data841,99939
Data842,33514
Data843,94106
Data844,81566
Data845,59401
Data846,51589
Data847,37492
Data848,6752
Data849,99395
Data850,7232
Data851,57820
Data852,11684
Data853,59130
Data854,34364
Data855,63137
Data856,11181
Data857,27500
Data858,29909
Data859,12043
Data860,53048
Data861,96002
Data862,76369
Data863,37158
Data864,39653
Data865,81142
Data866,65322
Data867,41763
Data868,83347
Data869,51519
Data870,20836
Data871,86000
Data872,45437
Data873,64955
Data874,90986
Data875,83558
Data876,32699
Data877,54101
Data878,16810
Data879,68024
Data880,86473
Data881,19373
Data882,33748
Data883,1142
Data884,36608
Data885,13486
Data886,38237
Data887,97317
Data888,76346
Data889,54075
Data890,16196
Data891,43507
Data892,57108
Data893,44764
Data894,59800
Data895,64811
Data896,18383
Data897,74865
Data898,77121
Data899,70543
Data900,85515
Data901,38135
Data902,46034
Data903,8752
Data904,41210
Data905,26293
Data906,24465
Data907,43259
Data908,78586
Data909,42789
Data910,86618
Data911,15303
Data912,29553
Data913,88613
Data914,23765
Data915,95503
Data916,72119
Data917,10370
Data918,90942
Data919,52905
Data920,10796
Data921,7815
Data922,11748
Data923,67293
Data924,20780
Data925,3404
Data926,20644
Data927,17829
Data928,20506
Data929,97712
Data930,61377
Data931,56589
Data932,71780
Data933,56496
Data934,3108
Data935,15947
Data936,5499
Data937,69812
Data938,71606
Data939,49545
Data940,99958
Data941,4660
Data942,39688
Data943,90721
Data944,21381
Data945,43276
Data946,8264
Data947,86796
Data948,5306
Data949,56519
Data950,47680
Data951,72113
Data952,35609
Data953,3222
Data954,33020
Data955,1009
Data956,35681
Data957,70037
Data958,18215
Data959,43157
Data960,84016
Data961,87864
Data962,27860
Data963,37275
Data964,66015
Data965,95032
Data966,65359
Data967,48616
Data968,1048
Data969,45882
Data970,97867
Data971,13904
Data972,22409
Data973,97229
Data974,54769
Data975,99954
Data976,53270
Data977,3903
Data978,44463
Data979,76532
Data980,39765
Data981,78582
Data982,56866
Data983,85750
Data984,34640
Data985,63995
Data986,81849
Data987,83309
Data988,23730
Data989,44189
Data990,47867
Data991,39685
Data992,1290
Data993,48756
Data994,10856
Data995,62081
Data996,45631
Data997,38602
Data998,92904
Data999,63281
Data1000,76725
Data1001,24896
Data1002,28033
Data1003,72562
Data1004,53409
Data1005,60999
Data1006,95627
Data1007,54362
Data1008,63731
Data1009,59781
Data1010,2380
Data1011,11977
Data1012,76580
Data1013,13366
Data1014,44184
Data1015,77064
Data1016,15192
Data1017,39113
Data1018,72940
Data1019,33066
Data1020,99568
Data1021,25824
Data1022,9170
Data1023,49866
Data1024,36724
Data1025,62826
Data1026,84508
Data1027,51378
Data1028,21081
Data1029,57170
Data1030,39434
Data1031,35296
Data1032,41754
Data1033,76765
Data1034,64169
Data1035,81829
Data1036,42601
Data1037,69332
Data1038,48201
Data1039,26176
Data1040,93903
Data1041,91343
Data1042,8865
Data1043,21150
Data1044,37460
Data1045,11890
Data1046,67720
Data1047,9757
Data1048,67184
Data1049,85479
Data1050,98201
Data1051,28017
Data1052,82596
Data1053,15595
Data1054,6412
Data1055,99265
Data1056,66504
Data1057,20185
Data1058,2709
Data1059,68482
Data1060,6545
Data1061,32503
Data1062,38023
Data1063,94933
Data1064,91793
Data1065,6999
Data1066,66087
Data1067,30631
Data1068,41588
Data1069,8523
Data1070,48763
Data1071,48397
Data1072,15325
Data1073,12146
Data1074,26099
Data1075,81557
Data1076,51475
Data1077,5465
Data1078,5052
Data1079,65914
Data1080,92489
Data1081,28170
Data1082,24156
Data1083,14029
Data1084,1638
Data1085,93698
Data1086,43731
Data1087,82390
Data1088,81142
Data1089,99962
Data1090,95563
Data1091,98191
Data1092,22142
Data1093,58570
Data1094,58184
Data1095,35573
Data1096,23677
Data1097,13368
Data1098,16014
Data1099,31490
Data1100,35589
Data1101,5453
Data1102,56665
Data1103,6558
Data1104,55906
Data1105,25452
Data1106,44492
Data1107,74751
Data1108,92798
Data1109,97660
Data1110,98008
Data1111,63560
Data1112,39026
Data1113,10075
Data1114,11085
Data1115,68257
Data1116,93588
Data1117,54796
Data1118,8448
Data1119,78309
Data1120,34055
Data1121,42533
Data1122,82466
Data1123,9367
Data1124,15979
Data1125,62665
Data1126,49112
Data1127,62778
Data1128,40570
Data1129,9257
Data1130,36871
Data1131,75100
Data1132,28434
Data1133,1375
Data1134,9420
Data1135,15806
Data1136,60354
Data1137,25284
Data1138,38199
Data1139,7697
Data1140,72246
Data1141,93649
Data1142,71286
Data1143,98404
Data1144,85277
Data1145,77533
Data1146,26097
Data1147,22248
Data1148,88381
Data1149,87204
Data1150,70868
Data1151,49467
Data1152,51919
Data1153,47256
Data1154,50413
Data1155,18620
Data1156,41975
Data1157,49769
Data1158,9433
Data1159,44796
Data1160,40085
Data1161,7664
Data1162,17232
Data1163,6057
Data1164,16913
Data1165,73119
Data1166,67848
Data1167,58634
Data1168,47047
Data1169,14134
Data1170,4816
Data1171,72276
Data1172,18093
Data1173,89020
Data1174,82797
Data1175,12828
Data1176,57284
Data1177,96432
Data1178,34749
Data1179,98838
Data1180,71394
Data1181,7128
Data1182,74936
Data1183,97806
Data1184,96608
Data1185,4026
Data1186,92435
Data1187,69997
Data1188,70803
Data1189,848
Data1190,52466
Data1191,15975
Data1192,45733
Data1193,47494
Data1194,65558
Data1195,8594
Data1196,18846
Data1197,97400
Data1198,66742
Data1199,95750
Data1200,45959
Data1201,73787
Data1202,62233
Data1203,90789
Data1204,27628
Data1205,70342
Data1206,70014
Data1207,90576
Data1208,74882
Data1209,41874
Data1210,69454
Data1211,35454
Data1212,93095
Data1213,42712
Data1214,33932
Data1215,77139
Data1216,99276
Data1217,69031
Data1218,79243
Data1219,79568
Data1220,64878
Data1221,67120
Data1222,71661
Data1223,23185
Data1224,83677
Data1225,14177
Data1226,91782
Data1227,87704
Data1228,12751
Data1229,8797
Data1230,64111
Data1231,26121
Data1232,15250
Data1233,83078
Data1234,24981
Data1235,17824
Data1236,73839
Data1237,37798
Data1238,78301
Data1239,8294
Data1240,24330
Data1241,21472
Data1242,18425
Data1243,92351
Data1244,57601
Data1245,17060
Data1246,46638
Data1247,49884
Data1248,64095
Data1249,72551
Data1250,37607
Data1251,28865
Data1252,95298
Data1253,8322
Data1254,5896
Data1255,38850
Data1256,63360
Data1257,93142
Data1258,16113
Data1259,59840
Data1260,54386
Data1261,4778
Data1262,71770
Data1263,84739
Data1264,17727
Data1265,48255
Data1266,86479
Data1267,76297
Data1268,40458
Data1269,75807
Data1270,50797
Data1271,1781
Data1272,49867
Data1273,60167
Data1274,82154
Data1275,58243
Data1276,14534
Data1277,61293
Data1278,89269
Data1279,33650
Data1280,47767
Data1281,61158
Data1282,4684
Data1283,81749
Data1284,7115
Data1285,50408
Data1286,55990
Data1287,6081
Data1288,39420
Data1289,96786
Data1290,14261
Data1291,94595
Data1292,23183
Data1293,22409
Data1294,75983
Data1295,76001
Data1296,29271
Data1297,8843
Data1298,68967
Data1299,53240
Data1300,4904
Data1301,62400
Data1302,1379
Data1303,86231
Data1304,66759
Data1305,81295
Data1306,29392
Data1307,90461
Data1308,26383
Data1309,8922
Data1310,10065
Data1311,90041
Data1312,83529
Data1313,68928
Data1314,3105
Data1315,81850
Data1316,66516
Data1317,45842
Data1318,27740
Data1319,8162
Data1320,52563
Data1321,57810
Data1322,5096
Data1323,28983
Data1324,538
Data1325,43659
Data1326,83268
Data1327,98400
Data1328,49252
Data1329,86412
Data1330,54990
Data1331,70616
Data1332,98779
Data1333,31743
Data1334,65033
Data1335,38874
Data1336,32123
Data1337,53964
Data1338,93153
Data1339,10669
Data1340,45267
Data1341,5229
Data1342,66886
Data1343,29004
Data1344,4692
Data1345,37951
Data1346,86328
Data1347,42530
Data1348,12497
Data1349,27713
Data1350,41305
Data1351,55540
Data1352,69291
Data1353,84366
Data1354,85949
Data1355,31558
Data1356,95937
Data1357,18943
Data1358,75549
Data1359,64551
Data1360,66676
Data1361,45498
Data1362,46702
Data1363,72424
Data1364,40934
Data1365,6360
Data1366,44938
Data1367,99154
Data1368,91913
Data1369,38716
Data1370,13393
Data1371,50705
Data1372,68850
Data1373,9301
Data1374,75478
Data1375,60402
Data1376,66493
Data1377,52429
Data1378,77118
Data1379,68194
Data1380,41580
Data1381,68197
Data1382,26788
Data1383,67
Data1384,18498
Data1385,90726
Data1386,32918
Data1387,12015
Data1388,4276
Data1389,72293
Data1390,69734
Data1391,40598
Data1392,12593
Data1393,89227
Data1394,78544
Data1395,88315
Data1396,54736
Data1397,99204
Data1398,78581
Data1399,20086
Data1400,38272
Data1401,59903
Data1402,26783
Data1403,31563
Data1404,2765
Data1405,66692
Data1406,30944
Data1407,12049
Data1408,66411
Data1409,40649
Data1410,84349
Data1411,88288
Data1412,64632
Data1413,67689
Data1414,65048
Data1415,13923
Data1416,85439
Data1417,5966
Data1418,52399
Data1419,91280
Data1420,86734
Data1421,88225
Data1422,33850
Data1423,5076
Data1424,95775
Data1425,11729
Data1426,28220
Data1427,18573
Data1428,23843
Data1429,22062
Data1430,38994
Data1431,98520
Data1432,80616
Data1433,70856
Data1434,79548
Data1435,76522
Data1436,6044
Data1437,65082
Data1438,86864
Data1439,45809
Data1440,89980
Data1441,99162
Data1442,86291
Data1443,57034
Data1444,3342
Data1445,24332
Data1446,22366
Data1447,22805
Data1448,40764
Data1449,36606
Data1450,48283
Data1451,80445
Data1452,22763
Data1453,76639
Data1454,47595
Data1455,16773
Data1456,46870
Data1457,44181
Data1458,41022
Data1459,71887
Data1460,17512
Data1461,44522
Data1462,54575
Data1463,33077
Data1464,6490
Data1465,35350
Data1466,2247
Data1467,57474
Data1468,34670
Data1469,2388
Data1470,18793
Data1471,62156
Data1472,75698
Data1473,49074
Data1474,51977
Data1475,75961
Data1476,17927
Data1477,80068
Data1478,33135
Data1479,22843
Data1480,64419
Data1481,25954
Data1482,84854
Data1483,41159
Data1484,24287
Data1485,60469
Data1486,50951
Data1487,27953
Data1488,92192
Data1489,71960
Data1490,73090
Data1491,28749
Data1492,23394
Data1493,45387
Data1494,34671
Data1495,68053
Data1496,3932
Data1497,68765
Data1498,58642
Data1499,9250
Data1500,6655
Data1501,35814
Data1502,14682
Data1503,29555
Data1504,28069
Data1505,87175
Data1506,5570
Data1507,84762
Data1508,14692
Data1509,84623
Data1510,11894
Data1511,9916
Data1512,29782
Data1513,61967
Data1514,89606
Data1515,61033
Data1516,61874
Data1517,56819
Data1518,13866
Data1519,81597
Data1520,14396
Data1521,58009
Data1522,76558
Data1523,60257
Data1524,52954
Data1525,41547
Data1526,98460
Data1527,68496
Data1528,50767
Data1529,79951
Data1530,39489
Data1531,8423
Data1532,68557
Data1533,67872
Data1534,1417
Data1535,53763
Data1536,84988
Data1537,81302
Data1538,70017
Data1539,84032
Data1540,78016
Data1541,11012
Data1542,52384
Data1543,72694
Data1544,93738
Data1545,2209
Data1546,32432
Data1547,64836
Data1548,12582
Data1549,59760
Data1550,75198
Data1551,9841
Data1552,58221
Data1553,4629
Data1554,11455
Data1555,15001
Data1556,73960
Data1557,88614
Data1558,67079
Data1559,65856
Data1560,6377
Data1561,12008
Data1562,94931
Data1563,97189
Data1564,24474
Data1565,54834
Data1566,51960
Data1567,15060
Data1568,32260
Data1569,36811
Data1570,90368
Data1571,35215
Data1572,5570
Data1573,8005
Data1574,78803
Data1575,16165
Data1576,55348
Data1577,98485
Data1578,31205
Data1579,62277
Data1580,42856
Data1581,44603
Data1582,97908
Data1583,39462
Data1584,58423
Data1585,92525
Data1586,2635
Data1587,13494
Data1588,48699
Data1589,37209
Data1590,78976
Data1591,3583
Data1592,64355
Data1593,89965
Data1594,36211
Data1595,38503
Data1596,39249
Data1597,29567
Data1598,25845
Data1599,66387
Data1600,17649
Data1601,97937
Data1602,9362
Data1603,11181
Data1604,38185
Data1605,10274
Data1606,83454
Data1607,88452
Data1608,53969
Data1609,32230
Data1610,43868
Data1611,56792
Data1612,90663
Data1613,15730
Data1614,31335
Data1615,42101
Data1616,46164
Data1617,67976
Data1618,4983
Data1619,3720
Data1620,25290
Data1621,40397
Data1622,74859
Data1623,62898
Data1624,24244
Data1625,94769
Data1626,6369
Data1627,8572
Data1628,93341
Data1629,98833
Data1630,73187
Data1631,67507
Data1632,8346
Data1633,44540
Data1634,91426
Data1635,16773
Data1636,89927
Data1637,50054
Data1638,19760
Data1639,66128
Data1640,7446
Data1641,19656
Data1642,91011
Data1643,14206
Data1644,69005
Data1645,3838
Data1646,17785
Data1647,95847
Data1648,71938
Data1649,70388
Data1650,47101
Data1651,16522
Data1652,29156
Data1653,14317
Data1654,28772
Data1655,45590
Data1656,54756
Data1657,60651
Data1658,72081
Data1659,18158
Data1660,21609
Data1661,55184
Data1662,31107
Data1663,35762
Data1664,40774
Data1665,74886
Data1666,92732
Data1667,18388
Data1668,48506
Data1669,96405
Data1670,52467
Data1671,90243
Data1672,89002
Data1673,37654
Data1674,39088
Data1675,78123
Data1676,76457
Data1677,56201
Data1678,5436
Data1679,19188
Data1680,20054
Data1681,30727
Data1682,84306
Data1683,50380
Data1684,81925
Data1685,96483
Data1686,94748
Data1687,89183
Data1688,32702
Data1689,28212
Data1690,80756
Data1691,41237
Data1692,31759
Data1693,34549
Data1694,73259
Data1695,53480
Data1696,79272
Data1697,95683
Data1698,2134
Data1699,35669
Data1700,83114
Data1701,21073
Data1702,795
Data1703,10479
Data1704,42367
Data1705,78797
Data1706,4084
Data1707,41584
Data1708,77118
Data1709,61989
Data1710,78608
Data1711,55181
Data1712,78521
Data1713,81135
Data1714,55947
Data1715,52837
Data1716,97552
Data1717,882
Data1718,28497
Data1719,65505
Data1720,45206
Data1721,79269
Data1722,7947
Data1723,19009
Data1724,77243
Data1725,6137
Data1726,40471
Data1727,60646
Data1728,93056
Data1729,96074
Data1730,70951
Data1731,90850
Data1732,51868
Data1733,89210
Data1734,44107
Data1735,15281
Data1736,32070
Data1737,30973
Data1738,74543
Data1739,32755
Data1740,9499
Data1741,17229
Data1742,4904
Data1743,4694
Data1744,10507
Data1745,84236
Data1746,44271
Data1747,88699
Data1748,14666
Data1749,87337
Data1750,43252
Data1751,25910
Data1752,61308
Data1753,31203
Data1754,50655
Data1755,90502
Data1756,68172
Data1757,1103
Data1758,40945
Data1759,71123
Data1760,25762
Data1761,3533
Data1762,74084
Data1763,45317
Data1764,72556
Data1765,68953
Data1766,11550
Data1767,84073
Data1768,82458
Data1769,55470
Data1770,74925
Data1771,2139
Data1772,12169
Data1773,85346
Data1774,95539
Data1775,23832
Data1776,51315
Data1777,69278
Data1778,6328
Data1779,13995
Data1780,70815
Data1781,15917
Data1782,97156
Data1783,18164
Data1784,35096
Data1785,26424
Data1786,15257
Data1787,8643
Data1788,89860
Data1789,78821
Data1790,80315
Data1791,13962
Data1792,50514
Data1793,14810
Data1794,91865
Data1795,61557
Data1796,4555
Data1797,83204
Data1798,28120
Data1799,58042
Data1800,37384
Data1801,95774
Data1802,66472
Data1803,21887
Data1804,37349
Data1805,76423
Data1806,77803
Data1807,36586
Data1808,5832
Data1809,45783
Data1810,93044
Data1811,75385
Data1812,30818
Data1813,37533
Data1814,33021
Data1815,74167
Data1816,94196
Data1817,97436
Data1818,5402
Data1819,99806
Data1820,51675
Data1821,2785
Data1822,22622
Data1823,16
Data1824,16767
Data1825,82604
Data1826,70564
Data1827,40209
Data1828,65228
Data1829,80427
Data1830,4513
Data1831,46742
Data1832,9258
Data1833,62455
Data1834,40566
Data1835,37647
Data1836,46864
Data1837,14021
Data1838,74713
Data1839,72701
Data1840,77213
Data1841,71338
Data1842,12871
Data1843,5948
Data1844,71202
Data1845,10986
Data1846,43529
Data1847,65569
Data1848,15986
Data1849,13601
Data1850,93486
Data1851,68195
Data1852,20774
Data1853,4111
Data1854,4478
Data1855,72678
Data1856,5461
Data1857,3649
Data1858,47562
Data1859,38753
Data1860,98003
Data1861,17265
Data1862,28965
Data1863,74842
Data1864,36265
Data1865,42474
Data1866,20943
Data1867,84597
Data1868,19201
Data1869,88975
Data1870,29555
Data1871,91344
Data1872,9644
Data1873,21999
Data1874,75306
Data1875,23726
Data1876,74401
Data1877,93462
Data1878,71699
Data1879,4736
Data1880,36038
Data1881,17940
Data1882,70750
Data1883,63321
Data1884,70430
Data1885,45505
Data1886,21636
Data1887,35193
Data1888,68660
Data1889,67484
Data1890,56702
Data1891,13167
Data1892,13212
Data1893,24055
Data1894,35960
Data1895,97083
Data1896,6145
Data1897,39795
Data1898,55520
Data1899,32241
Data1900,23035
Data1901,25737
Data1902,62152
Data1903,89846
Data1904,50701
Data1905,38890
Data1906,61717
Data1907,72050
Data1908,1758
Data1909,67574
Data1910,39550
Data1911,61019
Data1912,40947
Data1913,9245
Data1914,29497
Data1915,40752
Data1916,46748
Data1917,59484
Data1918,61553
Data1919,9282
Data1920,6375
Data1921,22086
Data1922,8751
Data1923,60670
Data1924,83314
Data1925,87965
Data1926,30160
Data1927,64883
Data1928,13951
Data1929,34552
Data1930,90098
Data1931,93416
Data1932,26428
Data1933,15874
Data1934,18009
Data1935,66962
Data1936,78716
Data1937,92860
Data1938,29189
Data1939,46626
Data1940,91954
Data1941,80431
Data1942,39067
Data1943,64148
Data1944,90440
Data1945,52084
Data1946,69903
Data1947,13318
Data1948,7440
Data1949,23185
Data1950,91954
Data1951,27898
Data1952,67858
Data1953,65168
Data1954,9950
Data1955,60579
Data1956,9299
Data1957,6468
Data1958,37757
Data1959,21035
Data1960,66058
Data1961,96180
Data1962,26455
Data1963,493
Data1964,67060
Data1965,10749
Data1966,28235
Data1967,84018
Data1968,23001
Data1969,64817
Data1970,69328
Data1971,66370
Data1972,24235
Data1973,95346
Data1974,610
Data1975,33409
Data1976,52239
Data1977,18083
Data1978,89103
Data1979,75605
Data1980,16145
Data1981,16566
Data1982,74663
Data1983,31049
Data1984,59485
Data1985,49895
Data1986,7313
Data1987,87548
Data1988,11967
Data1989,89606
Data1990,25015
Data1991,25843
Data1992,41971
Data1993,14105
Data1994,54668
Data1995,76676
Data1996,36805
Data1997,29629
Data1998,34340
Data1999,83795
Data2000,23689
Data2001,64827
Data2002,6275
Data2003,55247
Data2004,32713
Data2005,41019
Data2006,15669
Data2007,72960
Data2008,59876
Data2009,57287
Data2010,34947
Data2011,1168
Data2012,92885
Data2013,18357
Data2014,84777
Data2015,96767
Data2016,26723
Data2017,95880
Data2018,53225
Data2019,46018
Data2020,71843
Data2021,43094
Data2022,25719
Data2023,10637
Data2024,73981
Data2025,69980
Data2026,56728
Data2027,81079
Data2028,50321
Data2029,56977
Data2030,80039
Data2031,9460
Data2032,18986
Data2033,92685
Data2034,80505
Data2035,4615
Data2036,85793
Data2037,65518
Data2038,10015
Data2039,55280
Data2040,26635
Data2041,38053
Data2042,15587
Data2043,677
Data2044,75880
Data2045,39838
Data2046,24675
Data2047,79973
Data2048,44256
Data2049,31950
Data2050,75845
Data2051,11493
Data2052,57251
Data2053,10967
Data2054,73869
Data2055,52109
Data2056,18613
Data2057,34701
Data2058,56938
Data2059,80623
Data2060,47651
Data2061,16954
Data2062,75418
Data2063,51020
Data2064,65170
Data2065,58547
Data2066,55567
Data2067,6329
Data2068,3720
Data2069,31595
Data2070,37046
Data2071,7894
Data2072,73436
Data2073,25751
Data2074,4667
Data2075,51213
Data2076,45804
Data2077,73494
Data2078,10653
Data2079,42346
Data2080,89536
Data2081,86360
Data2082,75058
Data2083,70585
Data2084,50788
Data2085,90031
Data2086,76837
Data2087,67424
Data2088,68683
Data2089,36344
Data2090,80258
Data2091,12382
Data2092,5838
Data2093,18218
Data2094,16002
Data2095,60240
Data2096,27041
Data2097,62184
Data2098,77172
Data2099,8549
Data2100,48619
Data2101,33668
Data2102,90924
Data2103,99794
Data2104,38565
Data2105,94284
Data2106,30550
Data2107,85148
Data2108,57797
Data2109,4239
Data2110,20546
Data2111,87622
Data2112,7509
Data2113,95420
Data2114,45130
Data2115,54537
Data2116,59833
Data2117,74822
Data2118,44031
Data2119,64040
Data2120,73012
Data2121,88696
Data2122,35396
Data2123,47324
Data2124,76471
Data2125,10142
Data2126,79999
Data2127,95172
Data2128,16833
Data2129,62605
Data2130,40260
Data2131,46452
Data2132,80770
Data2133,18846
Data2134,9813
Data2135,34519
Data2136,84720
Data2137,76701
Data2138,99130
Data2139,70736
Data2140,77903
Data2141,99936
Data2142,41124
Data2143,77413
Data2144,26562
Data2145,75641
Data2146,33554
Data2147,28616
Data2148,5782
Data2149,46475
Data2150,37453
Data2151,60961
Data2152,76681
Data2153,81108
Data2154,33737
Data2155,82173
Data2156,17454
Data2157,62118
Data2158,43463
Data2159,24058
Data2160,15530
Data2161,5579
Data2162,38365
Data2163,92345
Data2164,81487
Data2165,25444
Data2166,93568
Data2167,16749
Data2168,27534
Data2169,44169
Data2170,35307
Data2171,71994
Data2172,37160
Data2173,11088
Data2174,45995
Data2175,53144
Data2176,31069
Data2177,80572
Data2178,8455
Data2179,7840
Data2180,20290
Data2181,73029
Data2182,39877
Data2183,46662
Data2184,96105
Data2185,34138
Data2186,4500
Data2187,15804
Data2188,43193
Data2189,44271
Data2190,95088
Data2191,50569
Data2192,67420
Data2193,28060
Data2194,8925
Data2195,94364
Data2196,44197
Data2197,45094
Data2198,60229
Data2199,93834
Data2200,73902
Data2201,49884
Data2202,67116
Data2203,44587
Data2204,37338
Data2205,97748
Data2206,11841
Data2207,95150
Data2208,25694
Data2209,55485
Data2210,38626
Data2211,47405
Data2212,52134
Data2213,11405
Data2214,3907
Data2215,11763
Data2216,52969
Data2217,2288
Data2218,38595
Data2219,83688
Data2220,50391
Data2221,49500
Data2222,87612
Data2223,69853
Data2224,73774
Data2225,19011
Data2226,14603
Data2227,3533
Data2228,74579
Data2229,26207
Data2230,18042
Data2231,12601
Data2232,35712
Data2233,78265
Data2234,90593
Data2235,21738
Data2236,754
Data2237,77386
Data2238,7498
Data2239,12377
Data2240,47802
Data2241,9736
Data2242,4775
Data2243,56310
Data2244,22877
Data2245,45105
Data2246,56048
Data2247,86911
Data2248,45184
Data2249,60692
Data2250,88761
Data2251,44099
Data2252,94335
Data2253,48664
Data2254,82550
Data2255,90169
Data2256,92771
Data2257,3325
Data2258,83876
Data2259,17557
Data2260,70114
Data2261,81620
Data2262,75356
Data2263,54599
Data2264,71324
Data2265,17686
Data2266,38346
Data2267,24855
Data2268,57618
Data2269,34819
Data2270,6922
Data2271,71550
Data2272,96816
Data2273,90353
Data2274,11343
Data2275,85397
Data2276,61045
Data2277,62661
Data2278,67164
Data2279,98194
Data2280,20734
Data2281,31441
Data2282,25011
Data2283,46594
Data2284,96834
Data2285,59015
Data2286,90493
Data2287,67201
Data2288,25813
Data2289,46171
Data2290,89224
Data2291,58391
Data2292,49476
Data2293,202
Data2294,37783
Data2295,20764
Data2296,59775
Data2297,34735
Data2298,82339
Data2299,20235
Data2300,82996
Data2301,99803
Data2302,88553
Data2303,99183
Data2304,48135
Data2305,86332
Data2306,24667
Data2307,29022
Data2308,16568
Data2309,88382
Data2310,96031
Data2311,80997
Data2312,5387
Data2313,76867
Data2314,61310
Data2315,72707
Data2316,19984
Data2317,59426
Data2318,8145
Data2319,22363
Data2320,54714
Data2321,1510
Data2322,43971
Data2323,1533
Data2324,82536
Data2325,35071
Data2326,214
Data2327,89187
Data2328,45810
Data2329,96619
Data2330,26607
Data2331,60364
Data2332,13253
Data2333,91703
Data2334,62453
Data2335,55642
Data2336,62302
Data2337,11770
Data2338,63890
Data2339,36037
Data2340,86958
Data2341,66883
Data2342,96320
Data2343,62418
Data2344,29110
Data2345,89000
Data2346,361
Data2347,43003
Data2348,53407
Data2349,58095
Data2350,93107
Data2351,90020
Data2352,23352
Data2353,96305
Data2354,16948
Data2355,92839
Data2356,96541
Data2357,69362
Data2358,43744
Data2359,92266
Data2360,46390
Data2361,9307
Data2362,79051
Data2363,3013
Data2364,51993
Data2365,76683
Data2366,57586
Data2367,44963
Data2368,93168
Data2369,54901
Data2370,19945
Data2371,77094
Data2372,21008
Data2373,12603
Data2374,55418
Data2375,98113
Data2376,61743
Data2377,44056
Data2378,69613
Data2379,13497
Data2380,40461
Data2381,98760
Data2382,21201
Data2383,5318
Data2384,56937
Data2385,85095
Data2386,17261
Data2387,61972
Data2388,75645
Data2389,41580
Data2390,88109
Data2391,58366
Data2392,42809
Data2393,3551
Data2394,61215
Data2395,95477
Data2396,17686
Data2397,40551
Data2398,95598
Data2399,18716
Data2400,19772
Data2401,47413
Data2402,44452
Data2403,54079
Data2404,51725
Data2405,15688
Data2406,23332
Data2407,80183
Data2408,44481
Data2409,80790
Data2410,20133
Data2411,43981
Data2412,83396
Data2413,17602
Data2414,79491
Data2415,63983
Data2416,33733
Data2417,21113
Data2418,88408
Data2419,27251
Data2420,38162
Data2421,79219
Data2422,45130
Data2423,14733
Data2424,43703
Data2425,89764
Data2426,98503
Data2427,24336
Data2428,18806
Data2429,8818
Data2430,93482
Data2431,72853
Data2432,93450
Data2433,26454
Data2434,38622
Data2435,92874
Data2436,88334
Data2437,27599
Data2438,1261
Data2439,35636
Data2440,31992
Data2441,25033
Data2442,79921
Data2443,75196
Data2444,56670
Data2445,75321
Data2446,17390
Data2447,31525
Data2448,5516
Data2449,13299
Data2450,36688
Data2451,52915
Data2452,87738
Data2453,62187
Data2454,35470
Data2455,27777
Data2456,58030
Data2457,4519
Data2458,38675
Data2459,87225
Data2460,38870
Data2461,7554
Data2462,47431
Data2463,92670
Data2464,24733
Data2465,91982
Data2466,8709
Data2467,12003
Data2468,99219
Data2469,83880
Data2470,92191
Data2471,17152
Data2472,76821
Data2473,91094
Data2474,39188
Data2475,21204
Data2476,74589
Data2477,98415
Data2478,91364
Data2479,5042
Data2480,27286
Data2481,97605
Data2482,70136
Data2483,62756
Data2484,2920
Data2485,53874
Data2486,45544
Data2487,99931
Data2488,40947
Data2489,48060
Data2490,30639
Data2491,4310
Data2492,74832
Data2493,58769
Data2494,94390
Data2495,54653
Data2496,44567
Data2497,49929
Data2498,79703
Data2499,52441
